{ id: 0,
  season: 0.466518,
  days: 0.272179,
  avgyield: 0.172862,
  feat: 0.384191,
  places: 0.279597,
  when: '\'july-aug aug-sept\'',
  give: '-(115, 120)',
  gives: '3040',
  where: '\'kancheepuram, tiruvallur, virudhunagar, ramnad, thoothukudi and sivagangai \'',
  certaintyValueSeason: 0.4781417191498827,
  certaintyValueDays: 0.3800612962480743,
  certaintyValueAvgyield: 0.20950442283347304,
  certaintyValueFeat: 0.41133734423433044,
  certaintyValuePlaces: 0.31056629453702356 }
